555555555555  5555555555555555
5                            5
5                            5
5                            5
5    5555555555555555 5 5 5  5
5    555555555555  55 5 5 5  5
5    555555555555  5         5
5    55555  55555  5         5
5    55555  55555  5         5
5    55555  5                5
5    55555  5   5  N         5
5    5      5   5            5
5    5          5555   Z     5
5    5   5      55555555555555
5    5   5555 Z 55555555555555
5    5Z  555555555555555555555
5    5   555555555555555555555
5    5555555555555555555555555
5                            5
5                P           5
5    5555555555555555555555555
5                          M 5
5                            5
555555555555  5555555555555555