44444444    444444    44444444
4           4    4           4
444444      4    4     Z444444
444444                  444444
44444444              44444444
444444    444    444    444444
444444      4    4      444444
44444444  Z 4    4Z   44444444
444444    444    444    444444
444444      4    4      444444
44444444U   4    4    44444444
444444    444    444    444444
444444      4    4      444444
44444444    4    4    44444444
444444    444    444    444444
444444      4    4      444444
44444444    4    4    44444444
4         444    444         4
4           4    4           4
4    444    4    4    444    4
4         444    444         4
4                            4
4             P              4
44444444    444444    44444444