999999999    99999    99999999
9                            9
999            M           999
9999      M         M     9999
999                        999
99           9   9          99
9      M     9   9     M     9
9            9   9           9
9            9   9           9
9           99   99          9
9          99     99         9
9         99       99        9
9        99         99       9
9       99           99      9
9       9             9      9
9       9      S      9      9
9       9             9      9
9       9             9      9
9       9             9      9
9       999999   999999      9
9                            9
9                            9
9  P                         9
999999999    99999    99999999