8888888888   8888   8888888888
8                            8
8             88         8   8
8         8   88   8         8
8 8       8   88   8         8
8      8  8   88   8  8      8
8      8  8   88   8  8      8
8   8  8  8 888888 8  8  8   8
8   88 8  8   88   8  8  8   8
8   8  8 M8   88   8 M8  8   8
8S  8  8  8   88   8  8  8  S8
8   8  88 888 88 888  8  8   8
8   88 8  8   88   8  8  8   8
8   8  8  8   88   8 88  8   8
8   8  8  8   88   8  8  8   8
8      8 88 888888 8  8      8
8      8  8   88   8  8      8
8         8   88   8     88  8
8  88     8   88   8         8
8     P 8     88     8       8
8   888       88         88  8
8                 8          8
8      88             88     8
8888888888   8888   8888888888