33333333    333333    33333333
3                            3
3        Z                   3
3        333      333        3
3   3   33 33    33 33   3   3
3   3   3 3 3    3 3 3   3   3
3   3   33 33    33 33   3   3
3   3    333      333    3   3
3   3                    3   3
3   3                    3   3
3   3                    3   3
3   3  Z                 3   3
3   3  33            33  3   3
3   3 3 33    N     33 3 3   3
3   3 3333   3333   3333 3   3
3   3  3333  3333  3333  3  Z3
33 33   333        333   33 33
3        333      333        3
3         33      33         3
3                            3
3                            3
3                            3
3             P           N  3
33333333    333333    33333333