777777777777777777777777777777
7                            7
7                  M         7
7                       Z    7
777  77777777777777777777  777
7       Z77        77        7
7        77        77        7
7       M                    7
7  Z            Z            7
7  777777777777777777777777  7
7    77       77       77    7
7    77       77       77    7
7                            7
7     Z       U             Z7
7777777777777    7777777777777
7             77             7
7             77             7
7                            7
7                            7
7   7777777777777777777777   7
7                            7
7                            7
7             P              7
777777777777777777777777777777