333333333333      333333333333
3                            3
3                            3
3                            3
3        P               Z   3
3Z    33333333           33333
33    33333333       333333333
333    333333       3333333333
3333                         3
333333                       3
3333333                   3333
33333333    Z            33333
333333333     3333      333333
3           3333333          3
3         3333333333333      3
3       33333333333333333    3
3                            3
33333            Z           3
33333     3333333333         3
3        333333333333    33333
3       33333333333333    3333
3      33            33      3
3                            3
333333333333      333333333333