2222222222222    2222222222222
2                            2
2            I   I           2
2           222222           2
2        I2222222222I        2
2        222222222222        2
2       22 22 22 22 22       2
2      2222222222222222      2
2     22 222222222222 22     2
2         222 22 222     M   2
2          2      2          2
2                            2
2                            2
2    M                       2
2   222222          222222   2
2   222222          222222   2
2                            2
2                            2
2                            2
2             P              2
2  M         2222            2
2          22222222          2
2                            2
2222222222222    2222222222222