2222222222   2222   2222222222
2                            2
2                            2
2      U                     2
2                   U        2
2   22                  22   2
2   22                  22   2
2   22  222  M     222  22   2
2   22                  22   2
2   22                  22   2
2   22  222        222  22   2
2   22                  22   2
2   22                  22   2
2   22  222        222  22   2
2   22                  22   2
2         Z                  2
2       22222222222222       2
2                            2
2                            2
2             P              2
22222  222  222222  222  22222
2                            2
2                            2
2222222222   2222   2222222222