4444444444444    4444444444444
4                            4
4                            4
4                            4
4                            4
44                          44
4     44444444  44444444     4
4    44                44    4
4    4                  4    4
4    4             U    4    4
44   4                  4   44
4    4  U               4    4
4    4                  4    4
4    4 U      U         4    4
4    4                  4    4
44   4   U           U  4   44
4    44                44    4
4     444444444444444444     4
4                             
4                            4
44                          44
4                            4
4        P                   4
4444444444444    4444444444444