99999999    99999999    999999
99                           9
99                           9
9     P                      9
9   9999999          9999999 9
9         9    M     9       9
9         9          9 Z     9
9  99999999          999999999
9     9999    9  9    999    9
9      99     9  9     99    9
9      9      9  9      9    9
9  9999    Z  9  9       99999
9    99    99 9  9 99    99  9
9     9    99 9  9 99    9   9
9     9       9  9       9   9
9     9 M     9  9      M9   9
9     9  99   9  9   99  9   9
9     9  99   9  9   99  9   9
9     9       9  9       9   9
9     99      9  9      99   9
9      99     9  9     99    9
9       999   9  9   999     9
9                            9
99999999    99999999    999999