5555555555    5555555555555555
5                            5
5  S                    S    5
5         5555               5
5       555  555             5
5      55  555555            5
5      5 55555  55           5
5     55 5555 5  55          5
5     5555555 5  55          5
5     55555555  5555         5
5     5    555555555         5
5           55555555         5
5           P 555555         5
5      5555     55555        5
5       55555555555555       5
5       55555555555555   M   5
5      5555  5555            5
5                            5
5                            5
5                            5
5    M         M             5
5                            5
5                            5
5555555555    5555555555555555