3333333333   3333   3333333333
3                            3
3        3                   3
3        3 Z       Z   Z  Z  3
3        3                   3
3        33333 333333333333333
3        33333 3333333333    3
3        33333 33333333      3
3        33333 3333333       3
3              333333333333  3
3   P          33    333333  3
3 333333333333333      3333  3
3   3                   333  3
333 3                    33  3
3   3          U          3  3
3 333                     3  3
3   3   33333333333333    3  3
333 3                        3
3            U               3
3                            3
3 33333333333333333333333    3
3                            3
3                            3
3333333333   3333   3333333333